%YAML:1.0
---
K: !!opencv-matrix
   rows: 3
   cols: 3
   dt: d
   data: [ 5.9315971832732009e+02, 0., 2.5589689700686080e+02, 0.,
       6.1279850528469308e+02, 3.1203353612638375e+02, 0., 0., 1. ]
D: !!opencv-matrix
   rows: 1
   cols: 5
   dt: d
   data: [ -5.9524768966447331e-02, -1.1947145788241862e+00,
       2.6141510428054439e-02, -1.3682012682857790e-02,
       3.0967926967715509e+00 ]
